00000000000000000000000000000000
00000000000000000000001010011101
00000000000000000000000011100110
00000000000000000000001000100111
00000000000000000000000000010010
00000000000000000000000100110000
00000000000000000000000011010111
00000000000000000000000000001101
00000000000000000000001000000111
00000000000000000000000000010011
00000000000000000000001101010101
00000000000000000000001011000110
00000000000000000000001110100100
00000000000000000000000110110001
00000000000000000000000100111010
00000000000000000000000000000000
00000000000000000000000000000000
00000000000000000000000101111110
00000000000000000000000000000000
00000000000000000000000000000000
00000000000000000000000000000000
00000000000000000000000000000000
00000000000000000000000000000000
00000000000000000000000000000000
00000000000000000000000000000000
00000000000000000000000000000000
00000000000000000000000000000000
00000000000000000000000000000000
00000000000000000000000000000000
00000000000000000000000000000000
00000000000000000000000000000000
00000000000000000000000000000000
00000000000000000000000000000000
